Enriched Category: English Case Proximity
Objects: ['NOM', 'ACC', 'GEN', 'DAT', 'INS', 'LOC', 'ABL', 'VOC']
Magnitude: 5.947

Hom-value matrix:
  NOM: [1.00 0.85 0.00 0.30 0.00 0.00 0.00 0.00]
  ACC: [0.00 1.00 0.00 0.45 0.00 0.00 0.00 0.00]
  GEN: [0.40 0.00 1.00 0.00 0.00 0.00 0.00 0.00]
  DAT: [0.00 0.00 0.00 1.00 0.00 0.00 0.00 0.00]
  INS: [0.00 0.35 0.00 0.00 1.00 0.00 0.00 0.00]
  LOC: [0.00 0.00 0.00 0.00 0.00 1.00 0.55 0.00]
  ABL: [0.00 0.00 0.00 0.00 0.00 0.00 1.00 0.00]
  VOC: [0.00 0.00 0.00 0.00 0.00 0.00 0.00 1.00]
